文件名,编,分编,章,节,内容
最高人民法院关于审理森林资源民事纠纷案件适用法律若干问题的解释,,,,,第一条 人民法院审理涉及森林、林木、林地等森林资源的民事纠纷案件应当贯彻民法典绿色原则尊重自然、尊重历史、尊重习惯依法推动森林资源保护和利用的生态效益、经济效益、社会效益相统一促进人与自然和谐共生。
最高人民法院关于审理森林资源民事纠纷案件适用法律若干问题的解释,,,,,第二条 当事人因下列行为对林地、林木的物权归属、内容产生争议依据民法典第二百三十四条的规定提起民事诉讼请求确认权利的人民法院应当依法受理当事人因对行政机关作出的林地、林木确权、登记行为产生争议提起民事诉讼的人民法院告知其依法通过行政复议、行政诉讼程序解决。
最高人民法院关于审理森林资源民事纠纷案件适用法律若干问题的解释,,,,,第三条 当事人以未办理批准、登记、备案、审查、审核等手续为由主张林地承包、林地承包经营权互换或者转让、林地经营权流转、林木流转、森林资源担保等合同无效的人民法院不予支持。因前款原因不能取得相关权利的当事人请求解除合同、由违约方承担违约责任的人民法院依法予以支持。
最高人民法院关于审理森林资源民事纠纷案件适用法律若干问题的解释,,,,,第四条 当事人一方未依法经林权证等权利证书载明的共有人同意擅自处分林地、林木另一方主张取得相关权利的人民法院不予支持。但符合民法典第三百一十一条关于善意取得规定的除外。
最高人民法院关于审理森林资源民事纠纷案件适用法律若干问题的解释,,,,,第五条 当事人以违反法律规定的民主议定程序为由主张集体林地承包合同无效的人民法院应予支持。但下列情形除外的强制性规定的议定程序存在瑕疵一审法庭辩论终结前已经依法补正的合理审查不知道且不应当知道决议系伪造、变造并已经对林地大量投入的。
最高人民法院关于审理森林资源民事纠纷案件适用法律若干问题的解释,,,,,第六条 家庭承包林地的承包方转让林地承包经营权未经发包方同意或者受让方不是本集体经济组织成员受让方主张取得林地承包经营权的人民法院不予支持。但发包方无法定理由不同意或者拖延表态的除外。
最高人民法院关于审理森林资源民事纠纷案件适用法律若干问题的解释,,,,,第七条 当事人就同一集体林地订立多个经营权流转合同在合同有效的情况下受让方均主张取得林地经营权的由具有下列情形的受让方取得占有使用林地并大量投入的未取得林地经营权的一方请求解除合同、由违约方承担违约责任的人民法院依法予以支持。
最高人民法院关于审理森林资源民事纠纷案件适用法律若干问题的解释,,,,,第八条 家庭承包林地的承包方以林地经营权人擅自再流转林地经营权为由请求解除林地经营权流转合同、收回林地的人民法院应予支持。但林地经营权人能够证明林地经营权再流转已经承包方书面同意的除外。
最高人民法院关于审理森林资源民事纠纷案件适用法律若干问题的解释,,,,,第九条 本集体经济组织成员以其在同等条件下享有的优先权受到侵害为由主张家庭承包林地经营权流转合同无效的人民法院不予支持其请求赔偿损失的依法予以支持。
最高人民法院关于审理森林资源民事纠纷案件适用法律若干问题的解释,,,,,第十条 林地承包期内因林地承包经营权互换、转让、继承等原因承包方发生变动林地经营权人请求新的承包方继续履行原林地经营权流转合同的人民法院应予支持。但当事人另有约定的除外。
最高人民法院关于审理森林资源民事纠纷案件适用法律若干问题的解释,,,,,第十一条 林地经营权流转合同约定的流转期限超过承包期的剩余期限或者林地经营权再流转合同约定的流转期限超过原林地经营权流转合同的剩余期限林地经营权流转、再流转合同当事人主张超过部分无效的人民法院不予支持。
最高人民法院关于审理森林资源民事纠纷案件适用法律若干问题的解释,,,,,第十二条 林地经营权流转合同约定的流转期限超过承包期的剩余期限发包方主张超过部分的约定对其不具有法律约束力的人民法院应予支持。但发包方对此知道或者应当知道的除外。林地经营权再流转合同约定的流转期限超过原林地经营权流转合同的剩余期限承包方主张超过部分的约定对其不具有法律约束力的人民法院应予支持。但承包方对此知道或者应当知道的除外。因前两款原因致使林地经营权流转合同、再流转合同不能履行当事人请求解除合同、由违约方承担违约责任的人民法院依法予以支持。
最高人民法院关于审理森林资源民事纠纷案件适用法律若干问题的解释,,,,,第十三条 林地经营权流转合同终止时对于林地经营权人种植的地上林木按照下列情形处理法典第一百五十三条的规定应当认定无效的除外长合同期限至轮伐期或者其他合理期限届满承包方请求由林地经营权人承担林地使用费的对其合理部分予以支持合同期限协商一致林地经营权人请求对林木价值进行补偿的对其合理部分予以支持。林地承包合同终止时承包方种植的地上林木的处理参照适用前款规定。
最高人民法院关于审理森林资源民事纠纷案件适用法律若干问题的解释,,,,,第十四条 人民法院对于当事人为利用公益林林地资源和森林景观资源开展林下经济、森林旅游、森林康养等经营活动订立的合同应当综合考虑公益林生态区位保护要求、公益林生态功能及是否经科学论证的合理利用等因素依法认定合同效力。当事人仅以涉公益林为由主张经营合同无效的人民法院不予支持。
最高人民法院关于审理森林资源民事纠纷案件适用法律若干问题的解释,,,,,第十五条 以林地经营权、林木所有权等法律、行政法规未禁止抵押的森林资源资产设定抵押债务人不履行到期债务或者发生当事人约定的实现抵押权的情形抵押权人与抵押人协议以抵押的森林资源资产折价并据此请求接管经营抵押财产的人民法院依法予以支持。抵押权人与抵押人未就森林资源资产抵押权的实现方式达成协议抵押权人依据民事诉讼法第二百零三条、第二百零四条的规定申请实现抵押权的人民法院依法裁定拍卖、变卖抵押财产。
最高人民法院关于审理森林资源民事纠纷案件适用法律若干问题的解释,,,,,第十六条 以森林生态效益补偿收益、林业碳汇等提供担保债务人不履行到期债务或者发生当事人约定的实现担保物权的情形担保物权人请求就担保财产优先受偿的人民法院依法予以支持。
最高人民法院关于审理森林资源民事纠纷案件适用法律若干问题的解释,,,,,第十七条 违反国家规定造成森林生态环境损害生态环境能够修复的国家规定的机关或者法律规定的组织依据民法典第一千二百三十四条的规定请求侵权人在合理期限内以补种树木、恢复植被、恢复林地土壤性状、投放相应生物种群等方式承担修复责任的人民法院依法予以支持。人民法院判决侵权人承担修复责任的可以同时确定其在期限内不履行修复义务时应承担的森林生态环境修复费用。
最高人民法院关于审理森林资源民事纠纷案件适用法律若干问题的解释,,,,,第十八条 人民法院判决侵权人承担森林生态环境修复责任的可以根据鉴定意见或者参考林业主管部门、林业调查规划设计单位、相关科研机构和人员出具的专业意见合理确定森林生态环境修复方案明确侵权人履行修复义务的具体要求。
最高人民法院关于审理森林资源民事纠纷案件适用法律若干问题的解释,,,,,第十九条 人民法院依据民法典第一千二百三十五条的规定确定侵权人承担的森林生态环境损害赔偿金额应当综合考虑受损森林资源在调节气候、固碳增汇、保护生物多样性、涵养水源、保持水土、防风固沙等方面的生态环境服务功能予以合理认定。
最高人民法院关于审理森林资源民事纠纷案件适用法律若干问题的解释,,,,,第二十条 当事人请求以认购经核证的林业碳汇方式替代履行森林生态环境损害赔偿责任的人民法院可以综合考虑各方当事人意见、不同责任方式的合理性等因素依法予以准许。
最高人民法院关于审理森林资源民事纠纷案件适用法律若干问题的解释,,,,,第二十一条 当事人请求以森林管护、野生动植物保护、社区服务等劳务方式替代履行森林生态环境损害赔偿责任的人民法院可以综合考虑侵权人的代偿意愿、经济能力、劳动能力、赔偿金额、当地相应工资标准等因素决定是否予以准许并合理确定劳务代偿方案。
最高人民法院关于审理森林资源民事纠纷案件适用法律若干问题的解释,,,,,第二十二条 侵权人自愿交纳保证金作为履行森林生态环境修复义务担保的在其不履行修复义务时人民法院可以将保证金用于支付森林生态环境修复费用。
最高人民法院关于审理森林资源民事纠纷案件适用法律若干问题的解释,,,,,第二十三条 本解释自 2022 年 6 月 15 日起施行。施行前本院公布的司法解释与本解释不一致的以本解释为准。
