文件名,编,分编,章,节,内容
湖州市生态文明典范城市建设促进条例,,,第一章 总 则,,第一条 为了高水平建设生态文明典范城市打造美丽中国集成之地、浓缩之地、经典之地根据有关法律、法规结合本市实际制定本条例。
湖州市生态文明典范城市建设促进条例,,,第一章 总 则,,第二条 本市行政区域内促进生态文明典范城市建设及其相关活动适用本条例。本条例所称生态文明典范城市是指物质文明和精神文明高质量发展生产发展、生活富裕、生态良好高标准示范人与自然和谐共生高水平呈现具有创新性、包容性、引领性的现代化城市形态。
湖州市生态文明典范城市建设促进条例,,,第一章 总 则,,第三条 生态文明典范城市建设应当坚持中国共产党的领导以习近平生态文明思想为指引践行绿水青山就是金山银山理念遵循生态优先、绿色发展、共富优享、多元共治、改革创新、开放引领、数智赋能的原则。
湖州市生态文明典范城市建设促进条例,,,第一章 总 则,,第四条 本市建立生态文明典范城市建设议事协调机制统筹推进生态文明典范城市建设工作协调处理跨区域、跨层级、跨部门重大问题。市生态文明典范城市建设议事协调机制的办事机构具体负责指导、协调、监督等工作。
湖州市生态文明典范城市建设促进条例,,,第一章 总 则,,第五条 市、区县人民政府负责生态文明典范城市建设工作的组织实施将相关要求纳入国民经济和社会发展规划纲要将所需资金纳入财政预算。南太湖新区管理委员会根据授权、委托在所辖区域内履行区县人民政府职责。乡镇人民政府、街道办事处应当按照规定职责做好辖区内生态文明典范城市建设相关工作。村居民委员会应当协助做好生态文明典范城市建设工作。
湖州市生态文明典范城市建设促进条例,,,第一章 总 则,,第六条 发展和改革部门负责统筹推进绿色低碳发展、生态产品价值实现等工作。生态环境主管部门负责环境污染防治的统一监督管理指导协调和监督生态保护修复等工作。自然资源和规划主管部门负责自然资源保护和合理开发利用、国土空间规划组织编制和监督实施等工作。经济和信息化、教育、科技、公安、财政、人力资源和社会保障、住房和城乡建设、交通运输、水利、农业农村、商务、文化广电旅游、审计、市场监督管理、数据、外事等相关部门按照各自职责做好生态文明典范城市建设相关工作。
湖州市生态文明典范城市建设促进条例,,,第一章 总 则,,第七条 本市建立健全生态文明典范城市建设综合评价制度。对工作成绩突出的区县、乡镇、街道由市颁发生态鼎。
湖州市生态文明典范城市建设促进条例,,,第一章 总 则,,第八条 鼓励将生态文明典范城市建设的相关要求依法纳入村规民约、居民公约、业主管理规约和社会团体章程、行业协会章程。鼓励、引导企业事业单位、社会组织和个人参与生态文明典范城市建设依法保障公众的知情权、参与权、表达权和监督权。对在生态文明典范城市建设中做出突出贡献的企业事业单位、社会组织和个人按照有关规定给予褒扬激励。
湖州市生态文明典范城市建设促进条例,,,第二章 规划与布局,,第九条 本市以生态文明典范城市建设纲要为统领发挥规划体系的引领、指导和约束作用以高品质生态环境支撑高质量发展绘就在湖州看见美丽中国的幸福图景。
湖州市生态文明典范城市建设促进条例,,,第二章 规划与布局,,第十条 市生态文明典范城市建设议事协调机制应当制定年度计划推进生态文明典范城市建设纲要实施。国土空间规划编制应当体现生态文明典范城市建设纲要相关要求。产业布局、基础设施建设、社会民生及公共服务、历史文化保护、城镇更新等领域的专项规划应当与生态文明典范城市建设纲要相衔接。
湖州市生态文明典范城市建设促进条例,,,第二章 规划与布局,,第十一条 各级人民政府编制国土空间规划应当统筹布局农业、生态、城镇等功能空间实施国土空间分区分类用途管制严格控制生态空间转为城镇空间、农业空间。
湖州市生态文明典范城市建设促进条例,,,第二章 规划与布局,,第十二条 市、区县人民政府应当根据生态保护红线、环境质量底线、资源利用上线确定生态环境管控单元编制生态环境准入清单落实生态环境分区管控要求。市、区县人民政府应当对生态保护红线内现有项目进行调查评估对不符合准入要求的项目提出处置方案并依法稳妥实施。
湖州市生态文明典范城市建设促进条例,,,第二章 规划与布局,,第十三条 市人民政府在组织制定产业布局、区域发展等经济、技术政策过程中应当探索开展生态环境影响分析。产业平台、小微企业园的规划环境影响评价应当加强对环境质量现状和变化趋势、污染物减排潜力和总量控制、环境保护基础设施、环境风险防范措施等的分析论证明确生态环境准入和跟踪监测等要求提出规划优化调整的建议。
湖州市生态文明典范城市建设促进条例,,,第二章 规划与布局,,第十四条 市、区县人民政府应当按照区域环境容量、环境质量改善和排污总量控制要求优化调整产业空间布局和供热、交通等基础设施布局引导企业向产业平台、小微企业园集聚。
湖州市生态文明典范城市建设促进条例,,,第三章 绿色低碳发展,,第十五条 本市坚持协同推进降碳、减污、扩绿、增长积极稳妥推进碳达峰碳中和推动能耗总量和强度控制逐步转向碳排放总量和强度控制建设绿色低碳创新综合改革试验区、国家可持续发展议程创新示范区加快发展方式绿色低碳转型。
湖州市生态文明典范城市建设促进条例,,,第三章 绿色低碳发展,,第十六条 市、区县人民政府应当按照国家和省有关规定逐步建立健全碳排放总量和强度控制机制将碳排放强度纳入标准地指标体系推动落实重点领域、重点行业碳排放相关标准。市、区县人民政府应当健全生态环境分区减污降碳协同管控机制推动将减污降碳协同管控要求纳入生态环境分区管控体系开展城市和工业园区减污降碳协同创新推进污染物和温室气体源头协同控制、末端协同治理。温室气体重点排放单位应当控制温室气体排放报告碳排放数据清缴碳排放配额公开碳排放交易及相关活动信息。
湖州市生态文明典范城市建设促进条例,,,第三章 绿色低碳发展,,第十七条 市、区县人民政府应当落实细分行业新建项目能效标准推动新建项目能效达到行业先进水平。对能效诊断达不到国家、地方能效基准水平的企业应当引导其开展节能降碳技术改造。市、区县人民政府应当落实国家和省有关规定执行高能耗、高排放行业产能置换政策推进数字化、绿色化协同转型开展工业全域有机更新支持纺织、家居等传统产业转型升级加快发展新能源汽车及关键零部件、半导体及光电等新兴产业鼓励发展地理信息、仿生机器人及数控机床等未来产业支持农业低碳生产技术和优良品种推广优化农业生产结构。市、区县人民政府应当培育绿色工厂、绿色供应链管理企业、绿色工业园区支持开展绿色产品认证。
湖州市生态文明典范城市建设促进条例,,,第三章 绿色低碳发展,,第十八条 市、区县人民政府应当支持使用清洁能源促进可再生能源开发利用。支持企业通过煤电机组改造和二氧化碳捕集利用技术运用等方式推进煤炭清洁高效利用。支持发展复合式地面光伏发电和工业园区、公共建筑、农村等分布式光伏发电促进光伏发电多元化利用。支持发展氢能产业及应用打造氢能装备产业集聚区。鼓励采用先进技术开发利用生物质能。支持源网荷储一体化和多能互补创新储能多元场景加快规模化应用建设绿色储能基地。
湖州市生态文明典范城市建设促进条例,,,第三章 绿色低碳发展,,第十九条 生态环境主管部门应当依法组织实施企业强制性清洁生产审核。鼓励实施强制性清洁生产审核以外的企业开展自愿性清洁生产审核。探索将碳排放纳入清洁生产审核。支持企业开展应用技术创新性研究开发具有自主知识产权的清洁生产工艺、技术和装备对生产过程进行清洁化改造。鼓励创新清洁生产服务模式。企业应当从源头减少资源消耗建立健全绿色采购管理制度优先采购和使用有利于环境保护的原材料、产品和服务。
湖州市生态文明典范城市建设促进条例,,,第三章 绿色低碳发展,,第二十条 发展和改革、经济和信息化、商务等部门应当按照各自职责构建废旧物资循环利用体系实施资源循环利用重点项目推动退役光伏组件和动力储能电池、汽车零部件、电子设备等循环利用推进产业平台、小微企业园实施能源梯级利用、能源系统优化改造。支持符合国家再制造相关标准规范的企业开展再制造业务鼓励再制造产品的生产和使用。
湖州市生态文明典范城市建设促进条例,,,第三章 绿色低碳发展,,第二十一条 市、区县人民政府应当优先发展公共交通构建立体互联交通网络加快低碳交通基础设施建设探索推进零碳交通并落实高能耗、高排放运输工具装备淘汰更新政策。鼓励和引导大宗货物和中长距离运输采用水路、铁路和集装箱运输提高多式联运衔接水平。鼓励新建、改建、扩建交通枢纽项目采用节能技术加强港口码头岸电设施改造。
湖州市生态文明典范城市建设促进条例,,,第三章 绿色低碳发展,,第二十二条 住房和城乡建设主管部门应当定期开展城市体检评估优化绿色低碳发展等特色指标设置充分应用评估结果推进城市有机更新。加强建筑设计、施工流程的绿色监管推进高能耗、低能效既有建筑节能绿色改造。鼓励建设单位开展超低能耗、近零能耗、零能耗建筑设计支持装配式建造及装配化装修、绿色建材等应用推广。
湖州市生态文明典范城市建设促进条例,,,第三章 绿色低碳发展,,第二十三条 市、区县人民政府应当落实国家和省有关碳排放统计核算、碳排放评价、碳排放预算管理等制度推进重点产品碳足迹核算及认证。经济和信息化、住房和城乡建设、统计、税务、电力等部门、单位应当推广运用碳效码开展工业企业、公共建筑等碳效评价定期向相关主体公布碳效评价结果并在企业亩均效益评价、绿色金融服务等领域应用。
湖州市生态文明典范城市建设促进条例,,,第三章 绿色低碳发展,,第二十四条 市、区县人民政府应当健全绿色技术创新体系打造西塞科学谷等创新平台建设南太湖科创走廊、杭州城西科创大走廊北翼中心布局推进实验室、技术创新中心、新型研发机构、企业研究院等创新载体提升公共技术服务水平。完善绿色技术创新成果的评价、推广、转化、交易、分配、激励等机制依法保护知识产权。支持高等院校、科研机构会同企业事业单位开展储能综合利用、资源循环利用、二氧化碳捕集利用等关键技术与装备的研发。鼓励高等院校优化学科专业设置开展绿色技术等方面的创新研究。支持龙头企业牵头组建绿色技术创新联合体开展产学研用协同攻关。
湖州市生态文明典范城市建设促进条例,,,第四章 生态保护修复,,第二十五条 本市坚持统筹推进山水林田湖草一体化保护和系统治理实施生态系统保护修复工程提升生态系统多样性、稳定性、持续性增强生态系统服务功能。
湖州市生态文明典范城市建设促进条例,,,第四章 生态保护修复,,第二十六条 市、区县人民政府应当按照国家和省有关要求做好辖区内自然资源的统一确权登记工作。自然资源和规划、生态环境、水利等部门应当按照各自职责定期组织对土地、矿产、水流、森林、湿地等自然资源状况的调查、监测建立自然资源基础数据库开展自然资源环境承载能力评价并依法向社会公布自然资源状况。
湖州市生态文明典范城市建设促进条例,,,第四章 生态保护修复,,第二十七条 市人民政府应当按照国家和省有关规定对生态保护红线区域、自然保护地等组织开展生态环境质量状况调查评价。各级人民政府应当以生态环境质量状况调查评价结果为依据组织制定并实施分类保护修复方案。
湖州市生态文明典范城市建设促进条例,,,第四章 生态保护修复,,第二十八条 本市实行全域山体保护实施水土流失治理工程推进天目山生态廊道水土保持、生态修复。市、区县人民政府应当优化矿产资源开发布局控制开采规模和年开采总量推进绿色矿山建设组织实施废弃矿山生态修复消除地质灾害隐患推进山地恢复利用。
湖州市生态文明典范城市建设促进条例,,,第四章 生态保护修复,,第二十九条 本市健全河湖长制完善河湖管理维护体系和监督考核机制。市、区县人民政府应当制定水生态保护修复计划推进河湖、湿地水生植被恢复并开展河湖岸线生态化改造与生态缓冲带修复。水利、生态环境等部门应当加强重要饮用水水源地安全保障达标评估推进集中式饮用水水源保护区规范化建设。
湖州市生态文明典范城市建设促进条例,,,第四章 生态保护修复,,第三十条 本市健全林长制强化森林资源保护、利用和管理。市、区县人民政府应当完善林地定额、采伐限额管理制度并实施林地占补平衡管理确保林地保有量不减少。禁止毁林开垦、采石、采砂、采土以及其他毁坏林木和林地的行为。自然资源和规划等部门应当推进重点防护林建设、退化林修复、珍贵彩色树培育优化林分结构保护古银杏等古树名木增强森林的综合功能。
湖州市生态文明典范城市建设促进条例,,,第四章 生态保护修复,,第三十一条 本市全面推行田长制实行最严格的耕地保护制度。各级人民政府应当落实耕地占补平衡制度推进耕作层剥离再利用开展高标准农田建设和永久基本农田集中连片整治强化垦造耕地、建设用地复垦等监管提升耕地质量。依法保护溇港圩田。
湖州市生态文明典范城市建设促进条例,,,第四章 生态保护修复,,第三十二条 本市建设生态完好、类型丰富、布局合理、功能完善、管理规范的自然保护地体系。自然资源和规划、农业农村等部门应当定期组织开展对野生动植物及其栖息地状况的调查、监测和评估建立健全野生动植物及其栖息地档案依法公开野生动植物保护和管理信息。市、区县人民政府应当分区分类管控自然保护地内建设项目严格落实准入负面清单推进安吉小鲵国家级自然保护区、德清下渚湖国家湿地公园等自然保护地保护修复。
湖州市生态文明典范城市建设促进条例,,,第四章 生态保护修复,,第三十三条 本市建设生物多样性友好型城市推动实施生物多样性保护重大工程加强对安吉小鲵、扬子鳄、朱鹮、金钱松、银缕梅等珍稀濒危物种的抢救性保护。生态环境、自然资源和规划、农业农村等部门应当制定并实施本地标志性物种和种群保护恢复方案、野生动物放归和增殖放流计划、替代生境研究和示范建设方案参与建立外来物种入侵风险评估制度和监测预警体系防治福寿螺、松材线虫、加拿大一枝黄花、水葫芦等外来物种侵害。市人民政府应当推进落实环太湖昆蒙框架实施联盟地方性倡议积极参与制定全球生物多样性保护标准和规则。
湖州市生态文明典范城市建设促进条例,,,第五章 污染防治,,第三十四条 本市坚持精准治污、科学治污、依法治污协同推进大气、水、土壤、固体废物、噪声、光、新污染物等污染防治。
湖州市生态文明典范城市建设促进条例,,,第五章 污染防治,,第三十五条 本市推进清新空气示范区建设。市、区县人民政府应当加强环境空气细颗粒物污染控制推进多污染物协同减排开展挥发性有机物综合治理实施原辅材料和产品源头替代工程。
湖州市生态文明典范城市建设促进条例,,,第五章 污染防治,,第三十六条 市、区县人民政府应当开展锅炉和工业炉窑简易低效污染治理设施整治推进水泥、玻璃、钢铁、垃圾发电等行业超低排放改造。严格控制建设项目新增挥发性有机物和氮氧化物排放总量实行现役源倍量削减替代。
湖州市生态文明典范城市建设促进条例,,,第五章 污染防治,,第三十七条 市、区县人民政府应当控制车船尾气排放污染推广使用新能源车辆。国家机关、事业单位和国有企业应当按照规定使用新能源运输工具装备。各级人民政府应当根据内河水域船舶排放控制区要求推动落实排放控制措施。
湖州市生态文明典范城市建设促进条例,,,第五章 污染防治,,第三十八条 从事产生扬尘污染活动的企业事业单位和其他生产经营者应当依法做好扬尘污染防治工作。占地面积五千平方米以上的房屋建筑工地应当按照有关要求安装扬尘视频监控设备和颗粒物在线监测设备并与住房和城乡建设主管部门的监控设备联网。
湖州市生态文明典范城市建设促进条例,,,第五章 污染防治,,第三十九条 本市推进污水零直排区建设。各级人民政府应当加快推进工业园区、城镇、农村污水管网和污水集中处理设施的提标改造实行标准化运行维护开展入河排污口规范化建设、智慧化监管。各级人民政府应当加强中小河流综合治理、蓝藻系统治理支持化肥、农药减量增效建设农田氮磷生态拦截沟渠开展水产养殖尾水的生态化治理推进农田区域退水零直排。
湖州市生态文明典范城市建设促进条例,,,第五章 污染防治,,第四十条 本市推进土壤环境全生命周期管理加强土壤、地表水与地下水污染协同防治。市、区县人民政府根据实际情况组织开展土壤污染状况详查推进土壤污染风险管控和修复加强土壤修复的环境监管探索修复后土壤再利用的全过程监管依法实施农用地分类管理开展耕地土壤污染溯源排查和整治。
湖州市生态文明典范城市建设促进条例,,,第五章 污染防治,,第四十一条 本市推进无废城市建设。市、区县人民政府应当推进固体废物源头减量、分类收储、综合利用、集中处置、闭环监管。市、区县人民政府应当完善塑料污染全链条治理体系推广量化鼓励电商、快递企业优先选购使用获得绿色认证的包装产品。
湖州市生态文明典范城市建设促进条例,,,第五章 污染防治,,第四十二条 本市推进宁静城市建设。市、区县人民政府应当明确有关部门监督管理职责及时调整声环境功能区划分构建功能区声环境质量自动监测网络。未达到声环境质量标准的区域应当组织编制声环境质量改善方案分阶段减轻、消除噪声影响。生态环境主管部门会同公安机关根据声环境保护的需要可以划定禁止机动车行驶和使用喇叭等声响装置的路段和时间向社会公告并由公安机关交通管理部门依法设置相关标志、标线。
湖州市生态文明典范城市建设促进条例,,,第五章 污染防治,,第四十三条 本市推进暗夜星空保护工程。住房和城乡建设主管部门应当根据需要建立分区域亮度管理制度并完善城市照明智能控制网络推广使用节能环保的照明新技术、新产品。在室外使用灯光等照明设备的应当采取合理措施控制和减少对居民和动植物的不利影响。
湖州市生态文明典范城市建设促进条例,,,第五章 污染防治,,第四十四条 市、区县人民政府应当组织开展重点管控新污染物的风险筛查和评估落实禁止、限制、限排等管控措施。生态环境主管部门应当会同有关部门按照国家和省有关要求逐步将列入省新污染物重点源清单的企业机构纳入排污许可管理将新污染物纳入污染源监督性监测并落实新化学物质环境管理登记制度。
湖州市生态文明典范城市建设促进条例,,,第六章 生态产品价值实现,,第四十五条 本市坚持生态惠民、生态利民、生态为民统筹生态资源保护与合理开发促进生态产品价值实现推进绿色共富。
湖州市生态文明典范城市建设促进条例,,,第六章 生态产品价值实现,,第四十六条 市、区县人民政府推动建立政府引导、社会参与、市场化运营的生态资源价值转化共同体完善政策制度推进标准体系、商标品牌、运营系统、交易平台等建设。
湖州市生态文明典范城市建设促进条例,,,第六章 生态产品价值实现,,第四十七条 市、区县人民政府应当依托自然资源调查监测体系组织开展生态产品基础信息调查编制生态产品目录清单。市、区县人民政府应当落实行政区域单元生态产品总值和特定地域单元生态产品价值评价体系逐步将生态产品价值核算基础数据纳入国民经济核算体系探索建立生态产品价格形成机制。
湖州市生态文明典范城市建设促进条例,,,第六章 生态产品价值实现,,第四十八条 市、区县人民政府应当推动生态产品价值核算结果在行政决策、规划编制、绩效考核、绿色审计、生态保护补偿以及生态环境损害赔偿、经营开发融资、生态资源权益交易等领域的应用。探索建立生态占补平衡制度建立碳排放权等环境权益初始配额与生态产品价值挂钩机制推进基于生态产品价值核算的自然资源分等定级、价格评估制度建设。
湖州市生态文明典范城市建设促进条例,,,第六章 生态产品价值实现,,第四十九条 各级人民政府应当持续深化千村示范、万村整治工程集成美丽城镇、美丽乡村、美丽河湖、美丽公路等单元建设推进城乡风貌整治、蓝绿空间保护提升生态环境质量。市、区县人民政府应当推动构建投资多元、股权清晰、利益共享、风险共担的生态产品开发运营体系支持打造天下湖品品供需精准对接建立生态产品质量追溯机制。鼓励将生态环境保护修复与生态产品开发经营权益挂钩。
湖州市生态文明典范城市建设促进条例,,,第六章 生态产品价值实现,,第五十条 市、区县人民政府应当按照国家和省有关规定推行用能权、用水权、排污权、碳排放权等交易制度支持依法出让、转让、抵押质押、入股等环境权益市场交易行为。建立森林、湿地、土壤碳汇监测系统组织开展碳储量本底调查和碳汇量分析评估推进林业碳汇收储。
湖州市生态文明典范城市建设促进条例,,,第六章 生态产品价值实现,,第五十一条 市、区县人民政府应当建立健全市场化、多元化的生态保护补偿机制健全财政转移支付资金分配制度支持开展要素分类补偿和区域横向补偿。探索通过社会捐赠、企业发行生态债券等方式拓宽生态保护补偿资金筹集渠道。
湖州市生态文明典范城市建设促进条例,,,第六章 生态产品价值实现,,第五十二条 市生态环境主管部门会同市自然资源和规划、住房和城乡建设、水利、农业农村等部门按照各自职责开展生态环境损害调查、鉴定评估、索赔磋商、申请司法确认、提起诉讼以及修复方案编制、修复效果评估等工作。建立健全生态环境损害赔偿与检察公益诉讼衔接机制。探索以公益基金、公益信托等方式提升生态环境损害修复资金的使用效益。
湖州市生态文明典范城市建设促进条例,,,第六章 生态产品价值实现,,第五十三条 支持金融机构将环境、社会、治理要求纳入绿色金融业务管理流程和风险管理体系推进融资主体绿色低碳可持续发展。鼓励金融机构创新转型金融产品和服务引导碳密集型行业融资主体有序向低碳、零碳转型。
湖州市生态文明典范城市建设促进条例,,,第七章 生态文化建设,,第五十四条 本市倡导绿色低碳生活培育城市生态品牌弘扬生态文化推动全社会积极传播和模范践行生态文明理念。
湖州市生态文明典范城市建设促进条例,,,第七章 生态文化建设,,第五十五条 各级人民政府应当定期组织宣传相关法律、政策和知识开展全国生态日、全国低碳日等活动增强公众的生态文明意识。新闻媒体应当积极开展生态文明公益宣传发布生态文明公益广告。支持开展生态文明科学技术普及、志愿服务等公益活动。
湖州市生态文明典范城市建设促进条例,,,第七章 生态文化建设,,第五十六条 市、区县人民政府应当将生态文明教育纳入国民教育体系和领导干部、公务员、事业单位工作人员培训体系。教育部门、学校应当推进绿色学校建设将生态文明知识纳入学校教育内容组织自然教育实践活动培养学生良好的生态文明行为习惯。
湖州市生态文明典范城市建设促进条例,,,第七章 生态文化建设,,第五十七条 各级人民政府应当支持新时代生态文化主题宣传教育阵地建设推动生态文明相关场所和设施向公众开放。鼓励建设生态文明教育基地和自然学校发挥生态村、生态农场、生态旅游区等体验场所的作用。
湖州市生态文明典范城市建设促进条例,,,第七章 生态文化建设,,第五十八条 市、区县人民政府及其有关部门应当组织开展生态文化资源调查、认定建立生态文化资源基础数据库保护利用太湖溇港、桑基鱼塘等文化遗产弘扬丝绸文化、茶文化、竹文化等本地特色生态文化推进大运河文化带保护和建设。鼓励开发与生态文化相关的创意产品、特色旅游商品、旅游精品线路促进生态文化与旅游产业融合发展。
湖州市生态文明典范城市建设促进条例,,,第七章 生态文化建设,,第五十九条 本市推动缔结国际友好城市关系积极开展国际交流推进生态文化国际传播建设生态文明国际合作示范区打造生态文明国际传播高地。鼓励依托节庆民俗、文化走亲、旅游推介、展示展览等活动推介湖州生态文化。
湖州市生态文明典范城市建设促进条例,,,第七章 生态文化建设,,第六十条 市、区县人民政府应当健全引导绿色低碳生活的制度组织开展全民绿色行动倡导绿色出行、光盘行动、节水节电等风尚推进绿色社区、绿色商场、绿色家庭等绿色单元建设。发展和改革等部门应当依托碳普惠数智应用场景健全碳积分运行机制对低碳行为进行权益激励。倡导简约适度、绿色低碳的消费方式鼓励消费者购买环保家具、节能家电、绿色建材等产品购买、使用碳标签产品。
湖州市生态文明典范城市建设促进条例,,,第七章 生态文化建设,,第六十一条 单位和个人应当履行生活垃圾分类义务减少使用或者不使用一次性用品减少生活垃圾产生。快递、住宿、餐饮等行业协会应当通过行业自律规范引导、督促协会成员参与生活垃圾源头减量和分类活动。
湖州市生态文明典范城市建设促进条例,,,第八章 生态环境治理体系和治理能力建设,,第六十二条 本市坚持推进立法、标准、体制、数智等建设创新完善生态文明制度体系推动实现生态环境治理体系和治理能力现代化。
湖州市生态文明典范城市建设促进条例,,,第八章 生态环境治理体系和治理能力建设,,第六十三条 市人民代表大会及其常务委员会、市人民政府应当推进生态文明领域立法将生态文明建设的具体要求纳入地方性法规、地方政府规章。市、区县人民政府及其有关部门应当依法及时制定配套规范性文件保障地方性法规有效实施。
湖州市生态文明典范城市建设促进条例,,,第八章 生态环境治理体系和治理能力建设,,第六十四条 市人民政府应当依法构建生态文明典范城市建设标准体系建立标准信息反馈和实施评价机制。鼓励相关行业协会、生产经营者制定、实施具有国内先进水平的团体标准、企业标准。支持生态文明建设相关团体标准、企业标准依法转化为地方标准、行业标准、国家标准。
湖州市生态文明典范城市建设促进条例,,,第八章 生态环境治理体系和治理能力建设,,第六十五条 市、区县人民代表大会及其常务委员会加强对生态文明典范城市建设工作的监督定期对本条例以及与生态文明相关法律、法规实施情况进行检查。市、区县人民政府应当向同级人民代表大会或者其常务委员会报告生态文明典范城市建设有关情况。
湖州市生态文明典范城市建设促进条例,,,第八章 生态环境治理体系和治理能力建设,,第六十六条 市、区县人民政府推进社会治理联动工作站、生态警务联勤站等建设健全乡镇、街道生态环境网格化监管体系强化对重点产业平台、园区、企业的环境监管。生态环境、市场监管等部门应当建立双随机、一公开联合检查制度。市生态环境主管部门应当落实以环境信用评级为基础的分级分类差别化监管模式。鼓励未纳入环境信用评价范围的企业事业单位和其他生产经营者自愿申请参加环境信用评价。
湖州市生态文明典范城市建设促进条例,,,第八章 生态环境治理体系和治理能力建设,,第六十七条 市人民政府应当与周边城市建立生态环境保护协作机制推动构建长江三角洲区域一体化的生态环境监测网络、信息网络和应急预警体系协同治理太湖蓝藻、大气污染等跨区域环境问题推进重要生态屏障共同保护。各区县人民政府应当加强沟通协调共同处理重大生态环境保护问题协商解决跨界环境污染纠纷。
湖州市生态文明典范城市建设促进条例,,,第八章 生态环境治理体系和治理能力建设,,第六十八条 支持人民法院、人民检察院依法办理公益诉讼案件通过司法建议、检察建议等方式加强监督推进生态环境治理。支持人民法院、人民检察院运用补植复绿、增殖放流、劳动代偿、碳汇补偿等多样化责任承担方式促进受损生态环境有效修复。
湖州市生态文明典范城市建设促进条例,,,第八章 生态环境治理体系和治理能力建设,,第六十九条 审计机关应当开展绿色审计工作对依法属于审计监督对象负有相关国有资源资产管理、污染治理和环境保护责任的领导干部进行审计。市、区县人民政府应当建立绿色审计结果、整改落实情况等公告制度将审计结果及整改情况作为绩效管理、考核、奖惩等重要依据。
湖州市生态文明典范城市建设促进条例,,,第八章 生态环境治理体系和治理能力建设,,第七十条 任何组织和个人都有权向生态环境等部门举报破坏自然资源、污染环境、损害生态系统等违法行为。生态环境等部门接到举报后应当及时处理和反馈并对举报人的相关信息予以保密。新闻媒体依法对国家机关、企业事业单位和个人涉及生态文明的活动进行舆论监督。
湖州市生态文明典范城市建设促进条例,,,第八章 生态环境治理体系和治理能力建设,,第七十一条 市、区县人民政府应当完善与污染物排放、能源消耗、环境质量等挂钩的绿色发展财政奖补机制优化生态保护补偿、绿色产业基金等政策措施。各级人民政府应当落实政府绿色采购政策加大对符合政策要求的节能环保产品的政府采购支持力度。
湖州市生态文明典范城市建设促进条例,,,第八章 生态环境治理体系和治理能力建设,,第七十二条 各级人民政府应当围绕生态文明建设完善人才引育机制加强人才服务保障完善人才补贴、职称评定、社会保障等配套政策体系发挥高等院校、科研院所和企业引才育才主体作用积极引进、培育高层次人才及团队支持院士专家工作站、博士后工作站等建设重视培养技术工人。
湖州市生态文明典范城市建设促进条例,,,第八章 生态环境治理体系和治理能力建设,,第七十三条 市、区县人民政府及其有关部门应当推进数字基础设施建设布局新型城镇物联网构建生态治理全域全要素感知网络。市、区县人民政府应当依托一体化智能化公共数据平台运用大数据、物联网、人工智能等信息技术加强生态文明建设相关数据的归集、共享和应用提升生态治理的数字化、智能化水平。
湖州市生态文明典范城市建设促进条例,,,第八章 生态环境治理体系和治理能力建设,,第七十四条 市、区县人民政府应当整合研究资源推进生态文明理论研究。支持浙江生态文明干部学院、湖州师范学院两山理念研究院等发挥智库作用加强与国内外各类高端智库合作打造生态文明国际交流智库平台为生态文明典范城市建设提供决策咨询、信息服务与技术支持。
湖州市生态文明典范城市建设促进条例,,,第九章 法律责任,,第七十五条 违反本条例规定的行为法律、行政法规和省的地方性法规已有法律责任规定的从其规定。
湖州市生态文明典范城市建设促进条例,,,第九章 法律责任,,第七十六条 违反本条例第三十八条第二款规定未按照有关要求安装扬尘视频监控设备和颗粒物在线监测设备或者未按照有关要求与住房和城乡建设主管部门的监控设备联网的由住房和城乡建设主管部门责令改正处一万元以上十万元以下罚款拒不改正的责令停工整治。
湖州市生态文明典范城市建设促进条例,,,第九章 法律责任,,第七十七条 违反本条例第四十二条第三款规定在禁止的路段和时间内行驶机动车的由公安机关交通管理部门处一百元罚款在禁止使用喇叭等声响装置的路段和时间内使用的由公安机关交通管理部门处五十元罚款。因有前款情形之一造成交通事故的处二百元罚款。
湖州市生态文明典范城市建设促进条例,,,第九章 法律责任,,第七十八条 国家机关及其工作人员在生态文明典范城市建设工作中有下列行为之一的由有权机关责令改正对直接负责的主管人员和其他责任人员依法给予处分标造成不良后果的者弄虚作假的理的
湖州市生态文明典范城市建设促进条例,,,第十章 附 则,,第七十九条 本条例自 2024 年 5 月 1 日起施行。《湖州市生态文明先行示范区建设条例》同时废止。
