文件名,编,分编,章,节,内容
黑龙江省草原条例,,,第一章 总 则,,第一条 为了保护和合理利用草原发展现代畜牧业维护生态平衡推进经济和社会的可持续发展根据 《中华人民共和国草原法》结合本省实际制定本条例。
黑龙江省草原条例,,,第一章 总 则,,第二条 在本省行政区域内从事草原保护、管理、建设和利用以及承包经营等活动适用本条例。本条例所称草原是指具有草原生态功能或者适用于畜牧业生产的天然草原和人工草地。天然草原包括草地、草山和草坡人工草地包括改良草地和退耕还草地。
黑龙江省草原条例,,,第一章 总 则,,第三条 省草原行政主管部门主管全省草原监督管理工作并负责组织实施本条例。市行署下同 、 县市 下同 草原行政主管部门主管本行政区域内的草原监督管理工作。 县以上草原行政主管部门根据《中华人民共和国草原法》的规定设立草原监理机构负责草原法律、法规执行情况的监督检查对违反草原法律、法规的行为进行查处。
黑龙江省草原条例,,,第一章 总 则,,第四条 县以上人民政府应当将草原保护、管理和建设纳入国土整治和国民经济发展总体规划并 实行各级人民政府领导负责制和责任追究制确保全省草原资源总量不减少。
黑龙江省草原条例,,,第二章 保护与利用,,第五条 县以上草原行政主管部门会同有关部门定期对草原权属、土壤类型、草原类型、植被状况、牧草产量、利用现状、灾害发生等情况进行调查绘制草原现状图为编制草原规划提供依据。
黑龙江省草原条例,,,第二章 保护与利用,,第六条 县以上人民政府应当依法组织划定基本草原建立档案绘制基本草原分布图由市以上 草原行政主管部门 组织验收后设立保护标志、予以公告并报省草原行政主管部门备案。基本草原面积不得少于草原面积的百分之八十。
黑龙江省草原条例,,,第二章 保护与利用,,第七条 禁止在草原上实施下列行为物式破坏草原植被
黑龙江省草原条例,,,第二章 保护与利用,,第八条 在草原上从事采土、采砂、采石等作业活动应当报县级草原行政主管部门批准开采矿产资源的并应当依法办理有关手续。经批准在草原上从事本条第一款所列活动的应当在规定的时间、区域内按照准许的采挖方式作业并采取保护草原植被的措施。在他人使用的草原上从事本条第一款所列活动的还应当事先征得草原使用者的同意。建设单位在草原上修建道路和渠道时应当修建足够的排水设施。
黑龙江省草原条例,,,第二章 保护与利用,,第九条 县以上草原行政主管部门应当对违法开垦的草原进行清理责令违法开垦草原的单位和个人限期退耕还草。
黑龙江省草原条例,,,第二章 保护与利用,,第十条 松嫩平原的草原和其他已经严重退化、沙化、碱化的草原禁止放牧松嫩平原以外中、轻度退化的草原实行季节性休牧。松嫩平原草原的禁牧计划由省人民政府制定由县以上人民政府组织实施。其他草原休牧、禁牧的区域由县以上人民政府确定提前一年予以公告并向上级草原行政主管部门备案实行休牧、禁牧的草原草原使用权单位应当设立休牧、禁牧标志。
黑龙江省草原条例,,,第二章 保护与利用,,第十一条 松嫩平原以外的禁牧草原植被达到盖度不低于百分之八十、可利用牧草所占比例不低于百分之五十时草原使用权单位可以提出申请经市、县 草原行政主管部门 核定后由市、县人民政府发布解禁令解除禁牧。解除禁牧的草原草原使用单位应当严格按照本条例规定实行休牧或者划区轮牧。
黑龙江省草原条例,,,第二章 保护与利用,,第十二条 每年三月十五日至六月十五日为春季草原防火期九月十五日至十一月十五日为秋季草原防火期。县以上 人民政府 可以根据气候变化决定提前进入或者延长防火期。
黑龙江省草原条例,,,第二章 保护与利用,,第十三条 县以上人民政府应当加强鼠、虫灾害监测与防治工作注重对鼠、虫天敌的保护和利用。草原面积较大的县草原行政主管部门应当建立鼠、虫害预测预报站点监测鼠、虫发生发展动态及时发布鼠、虫害预报指导防治。
黑龙江省草原条例,,,第二章 保护与利用,,第十四条 县以上 草原行政主管部门 应当根据草原类型确定割草场的割草期和留茬高度依据放牧场牧草产量、单位时间内牧草生长量、国家颁布的草原载畜量标准定期核定放牧草原的放牧强度、载畜量确定轮牧周期和放牧天数。严禁超过核定的载畜量和放牧强度放牧牲畜。县以上草原行政主管部门或者草原监理机构应当定期对草原保护利用情况进行监督检查及时制止破坏草原植被和掠夺性利用的行为。
黑龙江省草原条例,,,第二章 保护与利用,,第十五条 各级人民政府应当根据当地的草食牲畜饲养量确定饲草饲料年需要量通过调剂牧草供给、扩大青贮和饲草饲料种植面积发展草业生产实现草畜平衡。
黑龙江省草原条例,,,第二章 保护与利用,,第十六条 各级人民政府应当组织有关部门做好草食牲畜舍饲圈养规划。草原行政主管部门应当引导养畜户舍饲圈养、编制不同畜种的舍饲圈养技术规程指导养畜户调整畜群品种和结构。
黑龙江省草原条例,,,第二章 保护与利用,,第十七条 矿藏开采和工程建设确需征用或者使用草原的应当经省草原行政主管部门审核同意后按照国家土地管理法律、法规的规定办理用地审批手续在工程实施前由用地单位依法支付补偿费、植被恢复费、附着物补偿费和当年草原应有收益以及承包者进行草原建设和改良的实际投入。补偿费按照草原年产值的三十倍支付植被恢复费按照国家规定支付附着物补偿费和当年草原应有收益以及承包者进行草原建设和改良的实际投入按照实际损失合理支付。征用集体所有的草原的补偿费归农村集体经济组织所有植被恢复费由草原行政主管部门收取用于恢复草原植被其他补偿费应当支付给草原承包经营者。国家所有确定给全民所有制单位、集体经济组织使用的草原补偿费的百分之五十上交同级财政专户管理由市、县草原行政主管部门制定使用计划全额用于草原保护和建设其余百分之五十留给全民所有制单位或者集体经济组织使用。
黑龙江省草原条例,,,第二章 保护与利用,,第十八条 未经批准任何单位和个人不得 将草原改为其他农用地。 因项目建设确需将草原转为其他农用地的应当经省草原行政主管部门审核同意报省人民政府批准并由项目建设单位支付补偿费、附着物补偿费和当年草原应有收益以及承包经营者进行草原建设和改良的实际投入占用基本草原的项目建设单位还应当支付植被恢复费。
黑龙江省草原条例,,,第二章 保护与利用,,第十九条 因地质普查、勘探、工程建设以及其他需要临时使用草原的应当经县以上草原行政主管部门审核同意并收取恢复植被保证金。临时使用草原单位应当按照批准的地点、面积、使用方式使用并给予草原使用权单位补偿。在使用期满后应当恢复草原植被。县以上草原行政主管部门对恢复植被的应当及时退还恢复植被保证金对未恢复植被的用保证金代为恢复。恢复植被保证金的标准由草原行政主管部门根据恢复草原植被所需费用确定。
黑龙江省草原条例,,,第二章 保护与利用,,第二十条 占用草原修建直接为草原保护和畜牧业生产服务的工程设施面积在一千平方米以下的由县草原行政主管部门批准面积在一千平方米以上五千平方米以下的由市草原行政主管部门批准面积在五千平方米以上的由省草原行政主管部门批准。
黑龙江省草原条例,,,第二章 保护与利用,,第二十一条 申请本条例第八条、第十七条、第十八条、第十九条、第二十条规定的行政许可的应当具备以下条件面积和期限响经申请单位采取措施后可消除影响意门的批准意见采取措施能够立即恢复原有植被草原行政主管部门受理申请后经对上述条件进行评估和审查在二十日内作出是否许可的决定。二十日内不能作出决定的经受理单位负责人批准可以延长十日。在延长期后仍未做出决定的视为同意。
黑龙江省草原条例,,,第三章 承包经营,,第二十二条 依法确定给集体经济组织使用的国家所有草原和集体所有草原实行承包经营制度。国家所有草原使用权的转让应当经过县以上人民政府批准收回原草原使用权证重新核发草原使用权证。
黑龙江省草原条例,,,第三章 承包经营,,第二十三条 集体所有的草原或者依法确定给集体经济组织使用的国家所有的草原可以由本集体经济组织内的家庭或者联户承包经营。 其承包期限为三十年至五十年。
黑龙江省草原条例,,,第三章 承包经营,,第二十四条 集体经济组织内部无人承包的草原  经过集体经济组织成员的村民会议三分之二以上成员或者三分之二以上村民代表的同意并报乡镇人民政府批准可以采取公开竞价招标等方式承包。其承包合同应当约定双方的权利义务、承包期限和违约责任等。在承包期内承包方违反法律、法规规定使用草原或者不履行合同规定义务的发包方可以终止或者解除合同。
黑龙江省草原条例,,,第三章 承包经营,,第二十五条 集体所有的草原和依法确定给集体经济组织使用的国家所有的草原由使用该草原的集体经济组织发包。承包经营草原发包方和承包方应当签订草原承包合同。草原承包合同样式应当统一由省草原行政主管部门公示。
黑龙江省草原条例,,,第三章 承包经营,,第二十六条 草原承包经营应当实行有偿使用和生态效益优先的原则鼓励适度规模经营。本集体经济组织成员可以依法行使承包或者放弃承包草原的权利。承包方案应当经集体经济组织成员的村民会议三分之二以上成员或者三分之二以上村民代表的同意。
黑龙江省草原条例,,,第三章 承包经营,,第二十七条 草原承包应当按照以下程序进行小组议讨论通过承包方案并将承包方案公示七日合同。发包方负责在十五日内将签订的承包合同报市、县草原行政主管部门备案草原行政主管部门发现承包合同有违法或者违反本条例规定的应当修订。
黑龙江省草原条例,,,第三章 承包经营,,第二十八条 承包方向发包方交纳草原承包费。草原承包费应当根据草原前三年的平均产量、质量、位置等因素合理确定并 经集体经济组织成员的村民会议三分之二以上成员或者三分之二以上村民代表同意 。依法确定给集体经济组织使用的国家所有草原的承包费按市、县百分之二十、乡百分之二十、村百分之六十的比例分别使用全额用于草原保护和建设。
黑龙江省草原条例,,,第三章 承包经营,,第二十九条 草原承包经营权通过竞价招标等方式取得的该承包人死亡其应得的承包收益依照继承法的规定继承在承包期内其继承人可以继续承包。
黑龙江省草原条例,,,第三章 承包经营,,第三十条 草原承包经营权受法律保护。承包方可以依法按照自愿、有偿的原则采取转包、出租、互换、转让方式流转并由双方当事人依法签订书面合同。采取转让方式流转的应当经发包方同意采取转包、出租、互换方式流转的应当书面通知发包方。
黑龙江省草原条例,,,第三章 承包经营,,第三十一条 承包方应当按照法律、法规的规定保护和使用草原严格履行承包合同约定的义务并承担相应的违约责任。
黑龙江省草原条例,,,第三章 承包经营,,第三十二条 县以上 草原行政主管部门 应当对草原承包活动进行监督指导对承包活动违反本条例规定或者合同内容不完善、不符合法律法规规定的应当提出限期整改意见。
黑龙江省草原条例,,,第三章 承包经营,,第三十三条 全民所有制单位使用的国家所有的草原可以实行承包经营。未确定使用权的国家所有的草原市、县人民政府应当登记造册由县 草原行政主管部门 负责保护、管理、建设和利用并可以直接组织发包所得收益上缴同级财政、专户管理全额用于草原保护和建设。
黑龙江省草原条例,,,第四章 建设责任与草种管理,,第三十四条 县以上人民政府应当根据草原保护、建设、利用规划在本级国民经济和社会发展计划中安排资金用于草原保护建设。草原退化、沙化、盐碱化和水土流失严重的应当划定治理区组织专项治理。由政府投资进行的草原建设项目应当符合草原保护、建设、利用总体规划并报上级草原行政主管部门备案。
黑龙江省草原条例,,,第四章 建设责任与草种管理,,第三十五条 草原承包方应当采取补播、松土、灌溉、施肥等不翻耕草地的措施开展草原建设因草原建设确需翻耕草地的应当选择适合当地气候、土壤、水肥条件的牧草品种事前将整地时间、地点、面积、播种日期以及所播品种报市、县草原监理机构备案。草原使用权单位应当监督承包方履行改良建设草原义务保证草原牧草产量稳步提高。年亩产干草量低于二十五千克的草原县以上草原行政主管部门应当责令草原使用权单位采取具体措施改良建设。
黑龙江省草原条例,,,第四章 建设责任与草种管理,,第三十六条 县以上人民政府应当加强草原管理专业技术人才的培养和使用组织科研部门结合本地区实际情况开展草原退化机理、生态演替规律等基础性研究加强草原生态系统恢复与重建的宏观调控技术、优质抗逆牧草品种选育等关键技术的研究和开发积极推广草原科研成果。
黑龙江省草原条例,,,第四章 建设责任与草种管理,,第三十七条 县级以上草原行政主管部门负责草种的管理工作。主要草种的商品生产和草种经营实行许可制度。草种生产和经营许可证由所在市、县草原行政主管部门核发。草原行政主管部门受理生产或者经营草种申请后应当在二十日内作出是否许可的决定。
黑龙江省草原条例,,,第四章 建设责任与草种管理,,第三十八条 申请领取草种生产许可的单位和个人应当具备下列条件设施申请领取具有种权的草种生产许可证的应当征得草种权人的书面同意。
黑龙江省草原条例,,,第四章 建设责任与草种管理,,第三十九条 申请领取草种经营许可的单位和个人应当具备下列条件承担民事责任的能力掌握草种贮藏、保管技术的人员及加工、包装、贮藏保管设施和检验草种质量的仪器设备
黑龙江省草原条例,,,第四章 建设责任与草种管理,,第四十条 采集野生草种的应当在采收期内进行。野生草种的采收期由县以上草原行政主管部门根据当地气候和牧草生长情况确定并公布。经营省外不同生态适宜区的草种作为多年生草种使用的应当进行两年以上引种试验由省草原行政主管部门对其牧草产量、质量、越冬、病害等生态适宜性定期进行审查并根据需要组织论证应当在审查结束后二十日内作出是否批准的决定。
黑龙江省草原条例,,,第四章 建设责任与草种管理,,第四十一条 禁止生产、经营假、劣和未经审定的草种。下列草种为假草种下列草种为劣草种县以上草原行政主管部门可以委托草种检验机构对生产、经营的草种进行质量检验。
黑龙江省草原条例,,,第五章 法律责任,,第四十二条 县以上草原行政主管部门和草原监理机构工作人员有下列行为之一的由其所在单位或者有关主管部门依法 给予行政处分依法处理造成严重后果的
黑龙江省草原条例,,,第五章 法律责任,,第四十三条 违反本条例规定有下列行为之一的由县以上草原监理机构责令停止违法行为限期恢复草原植被没收非法财物和违法所得并按下列规定处罚处以违法所得一倍以上五倍以下的罚款没有违法所得的处以每平方米二元以上三元以下的罚款罚款总额最高不得超过五万元 以下的罚款处以每平方米五十元的罚款米一百元的罚款物的责令限期清除处以每平方米五十元的罚款十元的罚款在草原上进行采土、采砂、采石等活动的可以并处违法所得一倍以上二倍以下的罚款没有违法所得的可以并处二万元以下的罚款给草原所有者或者使用者造成损失的依法承担赔偿责任未经批准、未在指定的非基本草原上采挖野生植物破坏草原植被的处以违法所得一倍以上五倍以下的罚款没有违法所得的处以每千克鲜物质五十元以上一百元以下的罚款 罚款总额最高不得超过五万元。
黑龙江省草原条例,,,第五章 法律责任,,第四十四条 违反本条例规定有下列行为之一的由县以上草原监理机构责令停止放牧处以每次每羊单位十元的罚款
黑龙江省草原条例,,,第五章 法律责任,,第四十五条 违反本条例规定有下列行为之一的由县以上草原监理机构责令停止违法行为退还草原限期恢复草原植被处以草原被非法使用前三年平均产值六倍以上十二倍以下的罚款民政府批准将草原转为其他农用地的草原的。
黑龙江省草原条例,,,第五章 法律责任,,第四十六条 违反本条例规定对正在使用机械和设备开垦和破坏草原的县以上草原行政主管部门可以暂扣其使用机械和设备并处五千元以下的罚款。对开垦和破坏草原行为处罚后应当及时返还其机械和设备。
黑龙江省草原条例,,,第五章 法律责任,,第四十七条 县以上草原监理机构责令限期恢复草原植被当事人拒不执行的县以上草原监理机构 应当采取措施强行恢复植被恢复植被所发生的实际费用由当事人承担。当事人拒不承担其费用的 县以上草原 监理机构可以向人民法院提起诉讼。
黑龙江省草原条例,,,第五章 法律责任,,第四十八条 违反本条例规定有下列行为之一的由县以上草原行政主管部门责令停止违法行为没收种子和违法所得可以并处违法所得一倍以上五倍以下罚款没有违法所得的处二千元以上五万元以下罚款情节严重的可以报发证机关批准吊销其种子生产许可证或者种子经营许可证借种子生产许可证以及未按照种子生产许可证的规定生产种子的借种子经营许可证以及未按照种子经营许可证的规定经营种子的。
黑龙江省草原条例,,,第五章 法律责任,,第四十九条 违反本条例规定有下列行为之一的由县以上草原行政主管部门责令停止违法行为没收种子和违法所得并按下列规定处罚械或者工具并处每千克种子十元的罚款用未经两年以上引种试验或者未经省草原行政主管部门批准或者生产、经营未经审定通过的种子的可以处以一万元以上五万元以下罚款。
黑龙江省草原条例,,,第五章 法律责任,,第五十条 违反本条例规定有下列行为之一的县以上人民政府可以收回其国有草原使用权原植被行为的主管部门提出整改意见拒不整改的行政主管部门责令进行改良建设而拒不改良建设的。
黑龙江省草原条例,,,第六章 附 则,,第五十一条 法律、行政法规另有规定的从其规定。
黑龙江省草原条例,,,第六章 附 则,,第五十二条 本条例第四十四条的羊单位是指牲畜的计算单位。一只羊等于一个羊单位一头牛等于五个羊单位一匹马、驴、骡各等于五个羊单位十只鹅等于一个羊单位。
黑龙江省草原条例,,,第六章 附 则,,第五十三条 本条例自 2006 年 1 月 1 日起施行。 1994年 1 月 21 日黑龙江省第八届人民代表大会常务委员会第七次会议通过的《黑龙江省实施〈中华人民共和国草原法〉条例》同时废止。
